Block,768,0,A7EEC2D4,0,1,1,4294967295,0,0
Block,800,0,8CDAF444,0,1,1,4294967295,0,0
Block,832,0,64FE5C27,0,1,1,4294967295,0,0
Block,864,0,25C813E4,0,1,1,4294967295,0,0
Block,896,0,37727841,0,1,1,4294967295,0,0
Block,928,0,18E74D9C,0,1,1,4294967295,0,0
Block,960,0,DF41DC4F,0,1,1,4294967295,0,0
Block,992,0,D86DE9D6,0,1,1,4294967295,0,0
Block,1024,0,CE1611BE,0,1,1,4294967295,0,0
Block,1056,0,CB0FB81A,0,1,1,4294967295,0,0
Block,1088,0,40E6759F,0,1,1,4294967295,0,0
Block,1216,0,C6222223,0,1,1,4294967295,0,0
Block,1248,0,2EFF19D5,0,1,1,4294967295,0,0
Block,1280,0,1049482D,0,1,1,4294967295,0,0
Block,1312,0,2A62415F,0,1,1,4294967295,0,0
Block,1344,0,A9244EB3,0,1,1,4294967295,0,0
Block,1376,0,B2A7B23E,0,1,1,4294967295,0,0
Block,1408,0,43C2707D,0,1,1,4294967295,0,0
Block,1440,0,FA9972EF,0,1,1,4294967295,0,0
Block,1472,0,E89B8BC2,0,1,1,4294967295,0,0
Block,1504,0,00A6757D,0,1,1,4294967295,0,0
Block,1536,0,83F38253,0,1,1,4294967295,0,0
Block,1568,0,E65E4FAD,0,1,1,4294967295,0,0
Block,1568,32,D206861F,0,1,1,4294967295,0,0
Block,1568,64,08E3C022,0,1,1,4294967295,0,0
Block,1568,96,C23B2D7E,0,1,1,4294967295,0,0
Block,1568,128,20E7F7C5,0,1,1,4294967295,0,0
Block,1568,160,740D79B0,0,1,1,4294967295,0,0
Block,1568,192,E35959BA,0,1,1,4294967295,0,0
Block,1568,224,B4918F0F,0,1,1,4294967295,0,0
Block,1568,256,82A8ED8C,0,1,1,4294967295,0,0
Block,1568,288,D0903E7C,0,1,1,4294967295,0,0
Block,1568,320,563FBC9D,0,1,1,4294967295,0,0
Block,1568,352,0EC7B49E,0,1,1,4294967295,0,0
Block,1568,384,D3368D05,0,1,1,4294967295,0,0
Block,1568,416,98A63A41,0,1,1,4294967295,0,0
Block,1536,384,200FA921,0,1,1,4294967295,0,0
Block,1504,384,1923F636,0,1,1,4294967295,0,0
Block,1472,384,91567660,0,1,1,4294967295,0,0
Block,1440,384,61A174C1,0,1,1,4294967295,0,0
Block,1408,384,A96219B6,0,1,1,4294967295,0,0
Block,1568,448,30F67D76,0,1,1,4294967295,0,0
Block,1568,480,570F31B8,0,1,1,4294967295,0,0
Block,1568,512,B3D88FFF,0,1,1,4294967295,0,0
Block,1568,544,4512DBAB,0,1,1,4294967295,0,0
Block,1568,576,6D0AC142,0,1,1,4294967295,0,0
Block,1536,576,19759AF4,0,1,1,4294967295,0,0
Block,1504,576,B93D8C37,0,1,1,4294967295,0,0
Block,1472,576,1149D138,0,1,1,4294967295,0,0
Block,1440,576,A2CF0521,0,1,1,4294967295,0,0
Block,1408,576,15104538,0,1,1,4294967295,0,0
Block,1376,576,7D583D75,0,1,1,4294967295,0,0
Block,1344,576,25214774,0,1,1,4294967295,0,0
Block,1312,576,9E8E1ED0,0,1,1,4294967295,0,0
Block,1280,576,15841B45,0,1,1,4294967295,0,0
Block,1248,576,FFACDF1C,0,1,1,4294967295,0,0
Block,1216,576,22243EB1,0,1,1,4294967295,0,0
Block,1184,576,E6393CBE,0,1,1,4294967295,0,0
Block,1152,576,EB7A0D17,0,1,1,4294967295,0,0
Block,1120,576,DE115FD3,0,1,1,4294967295,0,0
Block,1088,576,D50EDDFE,0,1,1,4294967295,0,0
Block,1056,576,EE7A5081,0,1,1,4294967295,0,0
Block,1024,576,F4071175,0,1,1,4294967295,0,0
Block,992,576,BE6B2704,0,1,1,4294967295,0,0
Block,960,576,83797154,0,1,1,4294967295,0,0
Block,928,576,D0A208A0,0,1,1,4294967295,0,0
Block,896,576,C8535336,0,1,1,4294967295,0,0
Block,864,576,E421515E,0,1,1,4294967295,0,0
Block,832,576,AEB07FCC,0,1,1,4294967295,0,0
Block,800,576,D4DC4F9A,0,1,1,4294967295,0,0
Block,768,576,69E4E60A,0,1,1,4294967295,0,0
Block,768,544,B76874E4,0,1,1,4294967295,0,0
Block,768,512,21FF5F58,0,1,1,4294967295,0,0
Block,800,512,A8CBC0AE,0,1,1,4294967295,0,0
Block,832,512,F35414AF,0,1,1,4294967295,0,0
Block,864,512,200AC66D,0,1,1,4294967295,0,0
Block,896,512,30A182E8,0,1,1,4294967295,0,0
Block,928,512,1AE9C444,0,1,1,4294967295,0,0
Block,960,512,3C691BBE,0,1,1,4294967295,0,0
Block,960,480,1B991AE6,0,1,1,4294967295,0,0
Block,960,448,4A73BE48,0,1,1,4294967295,0,0
Block,1216,448,9B690195,0,1,1,4294967295,0,0
Block,1216,480,032B71DC,0,1,1,4294967295,0,0
Block,1216,512,375193DE,0,1,1,4294967295,0,0
Block,800,544,3A50815F,0,1,1,4294967295,0,0
Block,768,32,AE160E2E,0,1,1,4294967295,0,0
Block,768,64,95C3918D,0,1,1,4294967295,0,0
Block,768,96,14456059,0,1,1,4294967295,0,0
Block,768,128,4445BCE1,0,1,1,4294967295,0,0
Block,768,160,1311E1B0,0,1,1,4294967295,0,0
Block,768,192,E5AF2AA0,0,1,1,4294967295,0,0
Block,768,224,B33F7F07,0,1,1,4294967295,0,0
Block,768,256,F6C6609A,0,1,1,4294967295,0,0
Block,768,288,4B1932DF,0,1,1,4294967295,0,0
Block,768,320,E5EAC948,0,1,1,4294967295,0,0
Block,768,352,B6CB9698,0,1,1,4294967295,0,0
Block,768,384,DD9466D9,0,1,1,4294967295,0,0
Block,768,416,C1680F28,0,1,1,4294967295,0,0
Block,768,448,78A59F62,0,1,1,4294967295,0,0
Block,800,448,EF23CFE5,0,1,1,4294967295,0,0
Block,800,416,DF4BD46C,0,1,1,4294967295,0,0
Block,800,384,60C3805E,0,1,1,4294967295,0,0
Block,800,352,1BEB98A2,0,1,1,4294967295,0,0
Block,800,320,CB9D47B1,0,1,1,4294967295,0,0
Block,832,320,EC0595A3,0,1,1,4294967295,0,0
Block,864,320,D3B79EBD,0,1,1,4294967295,0,0
Block,800,32,83BCF69C,0,1,1,4294967295,0,0
Block,800,64,CC35E832,0,1,1,4294967295,0,0
Block,800,96,395C9BCA,0,1,1,4294967295,0,0
Block,800,128,97699DE1,0,1,1,4294967295,0,0
Block,800,160,0364F2AB,0,1,1,4294967295,0,0
Block,800,192,F5D02C26,0,1,1,4294967295,0,0
Block,800,224,6BD9DC09,0,1,1,4294967295,0,0
Block,800,256,EDB5832C,0,1,1,4294967295,0,0
Block,800,288,F762E94B,0,1,1,4294967295,0,0
Block,928,192,5AEC098B,0,1,1,4294967295,0,0
Block,960,192,3F786894,0,1,1,4294967295,0,0
Block,960,224,0731E1F5,0,1,1,4294967295,0,0
Block,992,224,247512E1,0,1,1,4294967295,0,0
Block,1024,224,C29D15F7,0,1,1,4294967295,0,0
Block,1056,224,FA23818B,0,1,1,4294967295,0,0
Block,1088,224,DA4CE876,0,1,1,4294967295,0,0
Block,1088,192,BA8B17F0,0,1,1,4294967295,0,0
Block,1120,192,E9E29381,0,1,1,4294967295,0,0
Block,1120,96,2E35731A,0,1,1,4294967295,0,0
Block,1152,96,4CD9272D,0,1,1,4294967295,0,0
Block,1184,96,24936997,0,1,1,4294967295,0,0
Block,1184,192,395027B6,0,1,1,4294967295,0,0
Block,1216,192,B6187D1C,0,1,1,4294967295,0,0
Block,1216,224,E6990BFE,0,1,1,4294967295,0,0
Block,1248,224,452DA131,0,1,1,4294967295,0,0
Block,1280,224,F1373F69,0,1,1,4294967295,0,0
Block,1312,224,BA88F6B3,0,1,1,4294967295,0,0
Block,1344,224,2400604F,0,1,1,4294967295,0,0
Block,1344,192,1E877CF4,0,1,1,4294967295,0,0
Block,1376,192,419BAA0D,0,1,1,4294967295,0,0
Block,1120,288,D7408CC3,0,1,1,4294967295,0,0
Block,1152,288,632EAE0D,0,1,1,4294967295,0,0
Block,576,224,0891CEF4,0,1,1,4294967295,0,0
Block,576,256,2C1DE56C,0,1,1,4294967295,0,0
Block,576,288,D98DA149,0,1,1,4294967295,0,0
Block,576,320,C3DADD86,0,1,1,4294967295,0,0
Block,576,352,F43C4172,0,1,1,4294967295,0,0
Block,576,384,56331CD4,0,1,1,4294967295,0,0
Block,576,416,E57A0FEE,0,1,1,4294967295,0,0
Block,576,448,1793958E,0,1,1,4294967295,0,0
Block,608,448,F2870778,0,1,1,4294967295,0,0
Block,640,448,780DC618,0,1,1,4294967295,0,0
Block,640,416,889447A8,0,1,1,4294967295,0,0
Block,640,384,419F094F,0,1,1,4294967295,0,0
Block,640,352,69D4F6F0,0,1,1,4294967295,0,0
Block,640,320,F9614C5D,0,1,1,4294967295,0,0
Block,640,288,9B985D2B,0,1,1,4294967295,0,0
Block,640,256,EAD0EB63,0,1,1,4294967295,0,0
Block,608,256,1BB23B0D,0,1,1,4294967295,0,0
Block,672,256,27C0535D,0,1,1,4294967295,0,0
Block,704,256,4361FE14,0,1,1,4294967295,0,0
Block,736,384,59DBAC1D,0,1,1,4294967295,0,0
Block,736,512,05D2EA81,0,1,1,4294967295,0,0
Block,704,512,1F615019,0,1,1,4294967295,0,0
Block,672,512,0D1D2D3E,0,1,1,4294967295,0,0
Block,640,512,EA031DF0,0,1,1,4294967295,0,0
Block,608,512,BC365C58,0,1,1,4294967295,0,0
Block,576,512,B1453322,0,1,1,4294967295,0,0
Block,544,512,BFDA0311,0,1,1,4294967295,0,0
Block,512,512,BA5FB9F6,0,1,1,4294967295,0,0
Block,480,512,C3F0C15C,0,1,1,4294967295,0,0
Block,448,512,CFF58F91,0,1,1,4294967295,0,0
Block,416,512,6D459E5F,0,1,1,4294967295,0,0
Block,384,512,989FAD9C,0,1,1,4294967295,0,0
Block,352,512,6460A041,0,1,1,4294967295,0,0
Block,320,512,EFC162E0,0,1,1,4294967295,0,0
Block,288,512,A21C0469,0,1,1,4294967295,0,0
Block,256,512,672D71E4,0,1,1,4294967295,0,0
Block,256,480,E42964FB,0,1,1,4294967295,0,0
Block,256,448,66D278EF,0,1,1,4294967295,0,0
Block,256,416,361DB0CA,0,1,1,4294967295,0,0
Block,256,384,9A497034,0,1,1,4294967295,0,0
Block,256,352,F3EEB116,0,1,1,4294967295,0,0
Block,256,320,9FC90C12,0,1,1,4294967295,0,0
Block,256,288,4876E4EA,0,1,1,4294967295,0,0
Block,256,256,B8AE7E55,0,1,1,4294967295,0,0
Block,256,224,CB9F1F4D,0,1,1,4294967295,0,0
Block,256,192,8520E932,0,1,1,4294967295,0,0
Block,0,0,4375082E,0,1,1,4294967295,0,0
Block,0,32,D9ECC0A8,0,1,1,4294967295,0,0
Block,0,64,90714D16,0,1,1,4294967295,0,0
Block,0,96,2508869C,0,1,1,4294967295,0,0
Block,0,128,0EAAABE6,0,1,1,4294967295,0,0
Block,0,160,96A4405F,0,1,1,4294967295,0,0
Block,0,192,83B6CA4C,0,1,1,4294967295,0,0
Block,0,224,742157F7,0,1,1,4294967295,0,0
Block,0,256,E67F9561,0,1,1,4294967295,0,0
Block,0,288,678293C2,0,1,1,4294967295,0,0
Block,0,320,A8ED3370,0,1,1,4294967295,0,0
Block,0,352,FF661009,0,1,1,4294967295,0,0
Block,0,384,1EE9CEBC,0,1,1,4294967295,0,0
Block,0,416,54436465,0,1,1,4294967295,0,0
Block,0,448,09283199,0,1,1,4294967295,0,0
Block,0,480,3E6844A2,0,1,1,4294967295,0,0
Block,0,512,BD6E24FC,0,1,1,4294967295,0,0
Block,0,544,6C386B69,0,1,1,4294967295,0,0
Block,0,576,198F303A,0,1,1,4294967295,0,0
Block,352,352,696B0255,0,1,1,4294967295,0,0
Block,384,352,ECCA0794,0,1,1,4294967295,0,0
Block,416,352,16F096BC,0,1,1,4294967295,0,0
Block,448,352,0FD8FA5B,0,1,1,4294967295,0,0
Block,480,352,B0B48F52,0,1,1,4294967295,0,0
Block,512,352,884F63BA,0,1,1,4294967295,0,0
Block,544,352,253BE798,0,1,1,4294967295,0,0
Block,512,448,E38CE768,0,1,1,4294967295,0,0
Block,512,480,E0F704E6,0,1,1,4294967295,0,0
SpikeUp,992,192,026364CD,0,1,1,4294967295,0,0
SpikeUp,1024,192,90CD9325,0,1,1,4294967295,0,0
SpikeUp,1056,192,00C07A8B,0,1,1,4294967295,0,0
SpikeUp,1248,192,32656571,0,1,1,4294967295,0,0
SpikeUp,1280,192,F4C57262,0,1,1,4294967295,0,0
SpikeUp,1312,192,C89FFF66,0,1,1,4294967295,0,0
SpikeUp,1408,352,41D7A0E2,0,1,1,4294967295,0,0
SpikeUp,1440,352,6DB02E07,0,1,1,4294967295,0,0
SpikeUp,1472,352,601B83D1,0,1,1,4294967295,0,0
SpikeUp,1504,352,F4E35725,0,1,1,4294967295,0,0
SpikeUp,1536,352,566330F7,0,1,1,4294967295,0,0
SpikeRight,1408,192,821D2F48,0,1,1,4294967295,0,0
SpikeRight,1376,224,1AA49598,0,1,1,4294967295,0,0
SpikeUp,832,544,8167F102,0,1,1,4294967295,0,0
SpikeUp,864,544,E0EDB48C,0,1,1,4294967295,0,0
SpikeUp,896,544,F820C607,0,1,1,4294967295,0,0
SpikeUp,928,544,6A8B7685,0,1,1,4294967295,0,0
SpikeUp,960,544,64090968,0,1,1,4294967295,0,0
SpikeUp,992,544,93766526,0,1,1,4294967295,0,0
SpikeUp,1024,544,7E8AB3E2,0,1,1,4294967295,0,0
SpikeUp,1056,544,8760511D,0,1,1,4294967295,0,0
SpikeUp,1088,544,A0C8E0DF,0,1,1,4294967295,0,0
SpikeUp,1120,544,D6F71991,0,1,1,4294967295,0,0
SpikeUp,1152,544,FE3D9283,0,1,1,4294967295,0,0
SpikeUp,1184,544,8FDD1027,0,1,1,4294967295,0,0
SpikeUp,1216,544,BE110E8C,0,1,1,4294967295,0,0
SpikeUp,1248,544,C2F1342B,0,1,1,4294967295,0,0
SpikeUp,1280,544,FC5D0F91,0,1,1,4294967295,0,0
SpikeUp,1312,544,6ED429D1,0,1,1,4294967295,0,0
SpikeUp,1344,544,7464E1FF,0,1,1,4294967295,0,0
SpikeUp,1376,544,91AF9AA5,0,1,1,4294967295,0,0
SpikeUp,1408,544,176BD29E,0,1,1,4294967295,0,0
SpikeUp,1440,544,B45F730A,0,1,1,4294967295,0,0
SpikeUp,1472,544,E2701E56,0,1,1,4294967295,0,0
SpikeUp,1504,544,0003EA38,0,1,1,4294967295,0,0
SpikeUp,1536,544,77DDF519,0,1,1,4294967295,0,0
SpikeRight,992,448,24E0A3E9,0,1,1,4294967295,0,0
SpikeLeft,1184,448,911440F9,0,1,1,4294967295,0,0
SpikeDown,1408,32,5F635A8D,0,1,1,4294967295,0,0
SpikeDown,1440,32,02B1EAF6,0,1,1,4294967295,0,0
SpikeDown,1472,32,458037FD,0,1,1,4294967295,0,0
SpikeDown,1504,32,CE1F29D6,0,1,1,4294967295,0,0
SpikeDown,1536,32,7B24FA52,0,1,1,4294967295,0,0
OutsideRoomChanger,1120,0,E7DBCE00,0,1,1,4294967295,0,1
SpikeTriggerDown,672,288,4E44DB14,0,1,1,4294967295,0,1
SpikeTriggerDown,704,288,477CB8E1,0,1,1,4294967295,0,1
SpikeTriggerUp,1120,288,5EC69B37,0,1,1,4294967295,0,1
SpikeTriggerUp,1152,288,6871F8B6,0,1,1,4294967295,0,1
MovingPlatform,1472,160,EFB8269D,0,1,1,4294967295,0,1
MovingPlatform,1088,448,95D5D97F,0,1,1,4294967295,0,1
Platform,832,192,0D12AC85,0,1,1,4294967295,0,0
Platform,864,192,F3341195,0,1,1,4294967295,0,0
Platform,896,192,D542E3DC,0,1,1,4294967295,0,0
Save,832,160,BF1BDB21,0,1,1,4294967295,0,0
SaveVHard,672,224,D3AFD8A1,0,1,1,4294967295,0,0
MovingPlatform,1248,544,AE3711B2,0,1,1,4294967295,0,0
MovingPlatform,1280,544,A37E2ADE,0,1,1,4294967295,0,0
MovingPlatform,1312,544,619DFC70,0,1,1,4294967295,0,0
MovingPlatform,1344,544,70E9267C,0,1,1,4294967295,0,0
MovingPlatform,1376,544,DF571BE9,0,1,1,4294967295,0,0
MovingPlatform,1408,544,D54636F5,0,1,1,4294967295,0,0
MovingPlatform,1440,544,3BCC13FE,0,1,1,4294967295,0,0
MovingPlatform,1472,544,F9EB6F8D,0,1,1,4294967295,0,0
MovingPlatform,1504,544,6CA55286,0,1,1,4294967295,0,0
MovingPlatform,1536,544,348F0CD4,0,1,1,4294967295,0,0
BlockFall,1312,384,965FAA29,0,1,1,4294967295,0,0
SaveVHard,832,448,8250F4CD,0,1,1,4294967295,0,0
Cherry,864,288,D8CC7EC3,0,1,1,4294967295,0,0
Camera,832,32,A52C1B1B,0,1,1,4294967295,0,0
BlockFake,352,384,94A8B959,0,1,1,4294967295,0,0
BlockFake,352,416,37DCFA06,0,1,1,4294967295,0,0
BlockFake,352,448,B299E7DA,0,1,1,4294967295,0,0
BlockFake,352,480,221AB617,0,1,1,4294967295,0,0
BlockFake,1088,256,5AA78297,0,1,1,4294967295,0,0
BlockFake,1184,256,A9018A9F,0,1,1,4294967295,0,0
BlockInvis,1184,224,5431B74D,0,1,1,4294967295,0,0
Cherry,352,288,F625AB69,0,1,1,4294967295,0,0
Cherry,480,288,FB5871D0,0,1,1,4294967295,0,0
BlockInvis,288,480,E2CBF6A6,0,1,1,4294967295,0,0
BlockInvis,288,224,25B06239,0,1,1,4294967295,0,0
FreeTrigger,704,416,1766BF13,0,1,1,4294967295,0,1
FreeTrigger,1120,224,AFF1043A,0,1,1,4294967295,0,1
PlayerStart,896,160,DC016A6B,0,1,1,4294967295,0,0
Water2,992,192,3C0893B7,0,1,1,4294967295,0,0
Water2,1024,192,A8DB5AE3,0,1,1,4294967295,0,0
Water2,1056,192,70B10E72,0,1,1,4294967295,0,0
Water3,1248,192,FEF9E55A,0,1,1,4294967295,0,0
Water3,1280,192,89DBB27B,0,1,1,4294967295,0,0
Water3,1312,192,03001E90,0,1,1,4294967295,0,0
